
-0.639605514
-0.64077679
-0.608683838
-0.613134685
-0.639839769
-0.633046371
-0.675680804
-0.668418895
-0.663733792
-0.65998571
-0.644056362
-0.646398913
-0.637262963
-0.596736826
-0.315162163
0.358087073
2.053859939
6.103194069
13.31309838
21.05359055
30.20593837
43.37271631
49.77584595
47.18006489
43.32399124
41.80648652
42.1161718
41.02430865
37.98320859
34.22786465
30.09888377
25.50490647
20.82167797
16.08527355
12.36530213
9.823634
8.200480223
6.93433126
5.819745365
5.036630474
4.474183914
4.170120759
4.097267414
4.148100777
4.312313621
4.552190871
4.814556614
5.104330206
5.368101479
5.601653841
5.813186221
6.024250091
6.222429928
6.394138937
6.559991567
6.708275062
6.844611546
6.959865069
7.045602446
7.141412793
7.23769165
7.318041159
7.387146421
7.428609579
7.479677196
7.51458121
7.542457571
7.539646509
7.561900746
7.56986542
7.54105204
7.500525903
7.466324654
7.45882849
7.428609579
7.408229383
7.374965155
7.343340712
7.3016433
7.250575682
7.2102838
7.153125549
7.104634738
7.060829029
7.004373543
6.935034026
6.878344285
6.807833491
6.739899505
6.678993171
6.601454724
6.521807981
6.473551425
6.405851693
6.313789428
6.2439814
6.19689612
6.136458297
6.084453658
6.027763918
5.920475069
5.831692376
5.78437284
5.733539478
5.652487204
5.586895768
5.513105403
5.45173056
5.38824742
5.338819588
5.279084531
5.21372735
5.145793364
5.099410848
5.024214953
4.957217986
4.902402286
4.85320871
4.78105813
4.700474367
4.665570353
4.640973564
4.56812022
4.494798365
4.447947339
4.404610141
4.336441899
4.276706841
4.239226021
4.166606932
4.121161437
4.096564649
4.058381063
4.007781955
3.951092215
3.894168219
3.852236551
3.81475573
3.756426204
3.69411434
3.647731825
3.608142708
3.57487848
3.521936821
3.490078124
3.446740926
3.38981693
3.361237804
3.313684013
3.277374469
3.238956628
3.194682409
3.162589456
3.121829064
3.07685208
3.054129332
3.006107031
2.959256006
2.921306675
2.878906497
2.870473312
2.854543964
2.783330405
2.757562341
2.730388746
2.705557703
2.689394099
2.638326481
2.591709711
2.566175902
2.5432189
2.507846375
2.47926725
2.467085983
2.429839418
2.396340935
2.370807126
2.345976083
2.330515244
2.302873139
2.262112747
2.229551284
2.200972159
2.194413015
2.180123452
2.142174122
2.118045844
2.085952891
2.063230144
2.038633356
2.023406772
2.004432107
1.979366808
1.946805346
1.927127915
1.910730056
1.904639423
1.88121391
1.852634785
1.814451199
1.801332912
1.771816766
1.751202314
1.741129344
1.728948077
1.721217658
1.703882779
1.690295981
1.681394287
1.655860478
1.628686883
1.611586259
1.589097766
1.588863511
1.60526137
1.583944154
1.555365028
1.517415697
1.503126135
1.493053164
1.471033182
1.4672851
1.460960212
1.445499373
1.419731309
1.403099195
1.375925601
1.358356466
1.341490097
1.334228188
1.336804994
1.325326493
1.304243532
1.300026939
1.269105263
1.2548157
1.237715075
1.197657449
1.177511508
1.176340232
1.174934701
1.162050669
1.130191972
1.10723497
1.100675826
1.070456915
1.060149689
1.042580554
1.04328332
1.037895452
1.021263338
1.000414632
0.994792509
0.970429975
0.953797861
0.931309369
0.919128102
0.909757897
0.892423018
0.889846212
0.870168781
0.863609637
0.854473687
0.854707942
0.849788585
0.818398398
0.798720967
0.801766284
0.798018202
0.779980557
0.773889924

