8294688  0
8294669  0
8294682  0
8294657  0
8294668  0
8294635  0
8294637  0
8294633  0
8294634  0
8294683  0
8294665  0
8294654  0
8294644  0
8294728  0
8294715  0
8294724  0
8294706  0
8294614  0
8294621  0
8294621  0
8294622  0
8294702  0
8294686  0
8294675  0
8294708  0
8294667  0
8294672  0
8294693  0
8294691  0
8294678  0
8294671  0
8294661  0
8294623  0
8294621  0
8294600  0
8294632  0
8294730  0
8294661  0
8294625  0
8294665  0
8294649  0
8294641  0
8294720  0
8294657  0
8294619  0
8294656  0
8294659  0
8294627  0
8294598  0
8294641  0
8294614  0
8294579  0
8294620  0
8294577  0
8294576  0
8294555  0
8294542  0
8294538  0
8294585  0
8294630  0
8294658  0
8294668  0
8294671  0
8294605  0
8294625  0
8201677  20
8201666  20
8201663  20
8201691  20
8201719  20
8201710  20
8201713  20
8201797  20
8201816  20
8201770  20
8201779  20
8201811  20
8201819  20
8201833  20
8201856  20
8201859  20
8201875  20
8201859  20
8201804  20
8201680  20
8201590  20
8201552  20
8201559  20
8201532  20
8201544  20
8201549  20
8201518  20
8201424  20
8201322  20
8201248  20
8201186  20
8201111  20
8201112  20
8201136  20
8201180  20
8201241  20
8201188  20
8201127  20
8201181  20
8201296  20
8201335  20
8201349  20
8201323  20
8201345  20
8201341  20
8201391  20
8201413  20
8201350  20
8201356  20
8201380  20
8201366  20
8201295  20
8201306  20
8201331  20
8201376  20
8201411  20
8201364  20
8201390  20
8201401  20
8201373  20
8201365  20
8201348  20
8201383  20
8201393  20
8201406  20
8201415  20
8201434  20
8201398  20
8201376  20
8201341  20
8201396  20
8201391  20
8201396  20
8201438  20
8201410  20
8201400  20
8201407  20
8201450  20
8201525  20
8201523  20
8201525  20
8201543  20
8201564  20
8201534  20
8201476  20
8201456  20
8201473  20
8201480  20
8201507  20
8201537  20
8201530  20
8201520  20
8201539  20
8201516  20
8201552  20
8201513  20
8201526  20
8201511  20
8201552  20
8201547  20
8201513  20
8201562  20
8201564  20
8201568  20
8201580  20
8201535  20
8201541  20
8201579  20
8201547  20
8201545  20
8201547  20
8201568  20
8201586  20
8201544  20
8201512  20
8201532  20
8201505  20
8201515  20
8201572  20
8201508  20
8201521  20
8201567  20
8201554  20
8201537  20
8201570  20
8201565  20
8201518  20
8201472  20
8201527  20
8201559  20
8201550  20
8201535  20
8201545  20
8201525  20
8201521  20
8201511  20
8118250  40
8118252  40
8118281  40
8118267  40
8118293  40
8118293  40
8118301  40
8118252  40
8118242  40
8118270  40
8118332  40
8118285  40
8118287  40
8118310  40
8118290  40
8118296  40
8118338  40
8118358  40
8118425  40
8118360  40
8118281  40
8118353  40
8118309  40
8118283  40
8118351  40
8118406  40
8118462  40
8118440  40
8118416  40
8118438  40
8118439  40
8118433  40
8118408  40
8118392  40
8118401  40
8118416  40
8118403  40
8118372  40
8118398  40
8118469  40
8118492  40
8118510  40
8118515  40
8118513  40
8118480  40
8118466  40
8118509  40
8118504  40
8118519  40
8118516  40
8118501  40
8118556  40
8118586  40
8118558  40
8118522  40
8118486  40
8118467  40
8118453  40
8118514  40
8118509  40
8118549  40
8118566  40
8118461  40
8118491  40
8118512  40
8118462  40
8118481  40
8118528  40
8118507  40
8118578  40
8118578  40
8118540  40
8118556  40
8118602  40
8118602  40
8118598  40
8118588  40
8118580  40
8118543  40
8118583  40
8118647  40
8118658  40
8118612  40
8118540  40
8118502  40
8118521  40
8118539  40
8118640  40
8118582  40
8118553  40
8118577  40
8118599  40
8118584  40
8118557  40
8118603  40
8118657  40
8118649  40
8118616  40
8118573  40
8118568  40
8118599  40
8118582  40
8118604  40
8118553  40
8118560  40
8118530  40
8118488  40
8118526  40
8118475  40
8118518  40
8118559  40
8118551  40
8118479  40
8118475  40
8118476  40
8118445  40
8118448  40
8118501  40
8118507  40
8118482  40
8118503  40
8118542  40
8118499  40
8118492  40
8118487  40
8118536  40
8118491  40
8118496  40
8118501  40
8028981  60
8028948  60
8028912  60
8028922  60
8028945  60
8028941  60
8028942  60
8028946  60
8028973  60
8029035  60
8029066  60
8029075  60
8029021  60
8029025  60
8029121  60
8029135  60
8029080  60
8029051  60
8029100  60
8029158  60
8029188  60
8029140  60
8029075  60
8029106  60
8029182  60
8029208  60
8029172  60
8029149  60
8029181  60
8029210  60
8029170  60
8029198  60
8029217  60
8029180  60
8029201  60
8029213  60
8029240  60
8029273  60
8029314  60
8029315  60
8029304  60
8029344  60
8029344  60
8029333  60
8029327  60
8029366  60
8029382  60
8029397  60
8029362  60
8029316  60
8029400  60
8029416  60
8029418  60
8029440  60
8029455  60
8029432  60
8029452  60
8029471  60
8029523  60
8029441  60
8029424  60
8029482  60
8029509  60
8029497  60
8029527  60
8029564  60
8029567  60
8029574  60
8029546  60
8029474  60
8029465  60
8029493  60
8029493  60
8029474  60
8029518  60
8029519  60
8029520  60
8029548  60
8029576  60
8029620  60
8029630  60
8029627  60
8029687  60
8029636  60
8029588  60
8029635  60
8029660  60
8029664  60
8029657  60
8029673  60
8029660  60
8029672  60
8029695  60
8029711  60
8029738  60
8029696  60
8029662  60
8029663  60
8029660  60
8029698  60
8029729  60
8029716  60
8029756  60
8029783  60
8029769  60
8029730  60
8029748  60
8029716  60
8029701  60
8029782  60
8029832  60
8029875  60
8029810  60
8029827  60
8029848  60
8029888  60
8029870  60
8029855  60
8029888  60
8029944  60
8029872  60
8029865  60
8029927  60
8029959  60
8029928  60
8029929  60
8029937  60
8029930  60
8029921  60
8029965  60
8029948  60
8029965  60
8029943  60
8029956  60
8029971  60
8030004  60
8029982  60
8029994  60
8029996  60
8029970  60
8030013  60
8030036  60
8030063  60
8030105  60
8030042  60
8030053  60
8030071  60
8030112  60
8030045  60
8030031  60
8030062  60
8030088  60
8030118  60
7941674  80
7941704  80
7941718  80
7941767  80
7941755  80
7941800  80
7941867  80
7941813  80
7941771  80
7941734  80
7941717  80
7941732  80
7941746  80
7941786  80
7941751  80
7941732  80
7941766  80
7941817  80
7941811  80
7941807  80
7941834  80
7941837  80
7941816  80
7941782  80
7941663  80
7941587  80
7941517  80
7941487  80
7941482  80
7941469  80
7941538  80
7941507  80
7941470  80
7941445  80
7941437  80
7941466  80
7941528  80
7941557  80
7941511  80
7941443  80
7941315  80
7941273  80
7941255  80
7941206  80
7941064  80
7940912  80
7940762  80
7940618  80
7940557  80
7940510  80
7940460  80
7940428  80
7940397  80
7940402  80
7940466  80
7940490  80
7940461  80
7940489  80
7940424  80
7940449  80
7940528  80
7940524  80
7940411  80
7940318  80
7940194  80
7940100  80
7940048  80
7939997  80
7940016  80
7940034  80
7940046  80
7940001  80
7940026  80
7940031  80
7940026  80
7940020  80
7940047  80
7940006  80
7939996  80
7940063  80
7940126  80
7940094  80
7940120  80
7940150  80
7940184  80
7940212  80
7940192  80
7940139  80
7940163  80
7940208  80
7940219  80
7940250  80
7940214  80
7940251  80
7940269  80
7940324  80
7940317  80
7940251  80
7940283  80
7940297  80
7940316  80
7940311  80
7940335  80
7940357  80
7940336  80
7940359  80
7940436  80
7940452  80
7940410  80
7851562  100
7851592  100
7851650  100
7851625  100
7851633  100
7851689  100
7851710  100
7851715  100
7851678  100
7851721  100
7851760  100
7851736  100
7851752  100
7851809  100
7851854  100
7851845  100
7851811  100
7851836  100
7851793  100
7851802  100
7851850  100
7851900  100
7851914  100
7851881  100
7851880  100
7851928  100
7851929  100
7851929  100
7851933  100
7851877  100
7851937  100
7851924  100
7851905  100
7851917  100
7851993  100
7852019  100
7851957  100
7851969  100
7852037  100
7852005  100
7852014  100
7852040  100
7852071  100
7852011  100
7852026  100
7852061  100
7852084  100
7852121  100
7852145  100
7852128  100
7852171  100
7852119  100
7852126  100
7852156  100
7852137  100
7852195  100
7852229  100
7852259  100
7852219  100
7852221  100
7852217  100
7852219  100
7852240  100
7852268  100
7852272  100
7852289  100
7852242  100
7852288  100
7852263  100
7852255  100
7852319  100
7852327  100
7852411  100
7852417  100
7852415  100
7852438  100
7852386  100
7852406  100
7852425  100
7852452  100
7852464  100
7852439  100
7852452  100
7852465  100
7852486  100
7852445  100
7852474  100
7852539  100
7852534  100
7852528  100
7852611  100
7852625  100
7852546  100
7852533  100
7852547  100
7852562  100
7852563  100
7852561  100
7852558  100
7852534  100
7852560  100
7852614  100
7852597  100
7852606  100
7852624  100
7852587  100
7852558  100
7852474  100
7850045  100
7843803  100
7838031  100
7832359  100
7761081  120
7761119  120
7761189  120
7761197  120
7761208  120
7761263  120
7761272  120
7761243  120
7761272  120
7761296  120
7761272  120
7761259  120
7761296  120
7761312  120
7761323  120
7761319  120
7761370  120
7761386  120
7761432  120
7761452  120
7761462  120
7761451  120
7761460  120
7761463  120
7761503  120
7761511  120
7761475  120
7761497  120
7761510  120
7761505  120
7761557  120
7761614  120
7761634  120
7761684  120
7761652  120
7761638  120
7761668  120
7761690  120
7761717  120
7761744  120
7761724  120
7761768  120
7761802  120
7761810  120
7761798  120
7761768  120
7761769  120
7761831  120
7761873  120
7761868  120
7761916  120
7761898  120
7761894  120
7761902  120
7761885  120
7761884  120
7761898  120
7761911  120
7761871  120
7761910  120
7761933  120
7761961  120
7762017  120
7762005  120
7761941  120
7762017  120
7762001  120
7762034  120
7762074  120
7762105  120
7762109  120
7762119  120
7762143  120
7762145  120
7762200  120
7762201  120
7762150  120
7762166  120
7762213  120
7762225  120
7762192  120
7762221  120
7762186  120
7762182  120
7762246  120
7762236  120
7762192  120
7762261  120
7762280  120
7762279  120
7762256  120
7762197  120
7762282  120
7762314  120
7762219  120
7762283  120
7762379  120
7762324  120
7762352  120
7762362  120
7762364  120
7762305  120
7762286  120
7762389  120
7762420  120
7762405  120
7762407  120
7762409  120
7762407  120
7762408  120
7762438  120
7762442  120
7762453  120
7762423  120
7762469  120
7762495  120
7762516  120
7762477  120
7673279  140
7673266  140
7673323  140
7673298  140
7673288  140
7673342  140
7673418  140
7673433  140
7673459  140
7673450  140
7673494  140
7673594  140
7673611  140
7673625  140
7673623  140
7673639  140
7673678  140
7673717  140
7673717  140
7673719  140
7673791  140
7673801  140
7673784  140
7673801  140
7673818  140
7673836  140
7673882  140
7673915  140
7673920  140
7673943  140
7673966  140
7674041  140
7674034  140
7674013  140
7674008  140
7674079  140
7674118  140
7674172  140
7674207  140
7674155  140
7674180  140
7674195  140
7674226  140
7674224  140
7674236  140
7674253  140
7674324  140
7674307  140
7674319  140
7674318  140
7674372  140
7674415  140
7674399  140
7674441  140
7674436  140
7674463  140
7674469  140
7674521  140
7674540  140
7674532  140
7674546  140
7674575  140
7674557  140
7674557  140
7674605  140
7674672  140
7674737  140
7674681  140
7674648  140
7674732  140
7674719  140
7674790  140
7674784  140
7674778  140
7674824  140
7674780  140
7674795  140
7674792  140
7674827  140
7674874  140
7674874  140
7674895  140
7674886  140
7674866  140
7674883  140
7674883  140
7674932  140
7675006  140
7675003  140
7675036  140
7675078  140
7675104  140
7675095  140
7675077  140
7675092  140
7675091  140
7675096  140
7675070  140
7675114  140
7675139  140
7675156  140
7675169  140
7675234  140
7675200  140
7675235  140
7675264  140
7675277  140
7675329  140
7675303  140
7675284  140
7675352  140
7675413  140
7675413  140
7675403  140
7675378  140
7675438  140
7675453  140
7675498  140
7675505  140
7675547  140
7675536  140
7582757  160
7582790  160
7582790  160
7582869  160
7582939  160
7582945  160
7582980  160
7583001  160
7583034  160
7583093  160
7583153  160
7583199  160
7583224  160
7583185  160
7583209  160
7583257  160
7583277  160
7583289  160
7583329  160
7583372  160
7583379  160
7583370  160
7583431  160
7583497  160
7583516  160
7583474  160
7583515  160
7583529  160
7583574  160
7583604  160
7583574  160
7583593  160
7583663  160
7583628  160
7583635  160
7583680  160
7583770  160
7583772  160
7583788  160
7583812  160
7583856  160
7583877  160
7583864  160
7583898  160
7583920  160
7583915  160
7583930  160
7583995  160
7584015  160
7583976  160
7583983  160
7584017  160
7584115  160
7584110  160
7584062  160
7584062  160
7584116  160
7584166  160
7584189  160
7584188  160
7584198  160
7584189  160
7584191  160
7584192  160
7584272  160
7584259  160
7584235  160
7584306  160
7584349  160
7584296  160
7584301  160
7584362  160
7584419  160
7584421  160
7584426  160
7584454  160
7584509  160
7584514  160
7584556  160
7584574  160
7584595  160
7584606  160
7584588  160
7584570  160
7584622  160
7584705  160
7584674  160
7584643  160
7584665  160
7584738  160
7584731  160
7584732  160
7584767  160
7584754  160
7584778  160
7584793  160
7584779  160
7584768  160
7584809  160
7584824  160
7584840  160
7584924  160
7584910  160
7584921  160
7584978  160
7585016  160
7585002  160
7584975  160
7584981  160
7584995  160
7584989  160
7585032  160
7585015  160
7585026  160
7585087  160
7585108  160
7585118  160
7585134  160
7585140  160
7585183  160
7585186  160
7585262  160
7585246  160
7585286  160
7585298  160
7585300  160
7585307  160
7585369  160
7585413  160
7585381  160
7585349  160
7585406  160
7585389  160
7585407  160
7585397  160
7495140  180
7495160  180
7495165  180
7495156  180
7495195  180
7495207  180
7495228  180
7495255  180
7495240  180
7495218  180
7495195  180
7495219  180
7495270  180
7495282  180
7495267  180
7495272  180
7495253  180
7495262  180
7495291  180
7495233  180
7495229  180
7495235  180
7495290  180
7495306  180
7495276  180
7495277  180
7495292  180
7495301  180
7495295  180
7495301  180
7495299  180
7495271  180
7495275  180
7495294  180
7495280  180
7495300  180
7495266  180
7495282  180
7495363  180
7495364  180
7495324  180
7495326  180
7495366  180
7495356  180
7495365  180
7495403  180
7495442  180
7495438  180
7495462  180
7495424  180
7495403  180
7495410  180
7495413  180
7495401  180
7495422  180
7495453  180
7495448  180
7495417  180
7495444  180
7495437  180
7495450  180
7495450  180
7495420  180
7495429  180
7495434  180
7495405  180
7495416  180
7495444  180
7495484  180
7495458  180
7495512  180
7495478  180
7495489  180
7495477  180
7495463  180
7495448  180
7495522  180
7495536  180
7495480  180
7495543  180
7495594  180
7495572  180
7495534  180
7495575  180
7495580  180
7495555  180
7495522  180
7495527  180
7495496  180
7495507  180
7495554  180
7495540  180
7495567  180
7495596  180
7495577  180
7495579  180
7495572  180
7495552  180
7495584  180
7495598  180
7495583  180
7495633  180
7495697  180
7495636  180
7495605  180
7495614  180
7495680  180
7495666  180
7495606  180
7495569  180
7495624  180
7495638  180
7495616  180
7403783  200
7403832  200
7403852  200
7403912  200
7403903  200
7403935  200
7403912  200
7403902  200
7403944  200
7403948  200
7403968  200
7404000  200
7404017  200
7404017  200
7403998  200
7404045  200
7404075  200
7404023  200
7404017  200
7404017  200
7404037  200
7404076  200
7404162  200
7404127  200
7404118  200
7404142  200
7404145  200
7404148  200
7404173  200
7404186  200
7404170  200
7404208  200
7404180  200
7404182  200
7404205  200
7404304  200
7404314  200
7404301  200
7404313  200
7404299  200
7404308  200
7404323  200
7404335  200
7404317  200
7404274  200
7404321  200
7404358  200
7404346  200
7404390  200
7404434  200
7404429  200
7404399  200
7404408  200
7404444  200
7404454  200
7404495  200
7404529  200
7404524  200
7404509  200
7404507  200
7404498  200
7404571  200
7404555  200
7404489  200
7404492  200
7404541  200
7404634  200
7404636  200
7404614  200
7404602  200
7404608  200
7404609  200
7404668  200
7404763  200
7404805  200
7404722  200
7404740  200
7404788  200
7404774  200
7404798  200
7404841  200
7404844  200
7404886  200
7404854  200
7404864  200
7404880  200
7404906  200
7404936  200
7404921  200
7404949  200
7405007  200
7405000  200
7405043  200
7404974  200
7404961  200
7405058  200
7405058  200
7405031  200
7405048  200
7405081  200
7405082  200
7405115  200
7405172  200
7405158  200
7405208  200
7405231  200
7405208  200
7405203  200
7405197  200
7405239  200
7405216  200
7405203  200
7405234  200
7405341  200
7405302  200
7405268  200
7405283  200
7405297  200
7405330  200



