8295736  0
8295676  0
8295692  0
8295681  0
8295679  0
8295705  0
8295699  0
8295710  0
8295720  0
8295712  0
8295719  0
8295689  0
8295712  0
8295705  0
8295734  0
8295726  0
8295706  0
8295692  0
8295668  0
8295685  0
8295715  0
8295720  0
8295687  0
8295678  0
8295739  0
8295749  0
8295731  0
8295719  0
8295668  0
8295648  0
8295653  0
8295683  0
8295692  0
8295723  0
8295691  0
8295687  0
8295688  0
8295636  0
8295647  0
8295652  0
8295635  0
8295654  0
8295653  0
8295652  0
8295611  0
8295671  0
8295664  0
8295670  0
8295689  0
8295684  0
8295671  0
8295718  0
8295761  0
8295731  0
8295731  0
8295753  0
8295688  0
8295642  0
8295666  0
8295702  0
8295710  0
8295717  0
8295686  0
8295687  0
8295717  0
8295759  0
8295728  0
8295725  0
8295709  0
8295657  0
8295621  0
8295659  0
8295667  0
8295674  0
8295697  0
8295705  0
8295659  0
8295630  0
8295606  0
8295620  0
8295644  0
8295660  0
8295668  0
8295689  0
8295681  0
8295613  0
8295618  0
8295648  0
8295662  0
8295666  0
8295630  0
8295628  0
8295607  0
8295616  0
8295640  0
8295600  0
8295591  0
8295597  0
8295573  0
8295560  0
8295571  0
8295555  0
8295607  0
8295644  0
8295605  0
8295609  0
8295604  0
8295631  0
8295661  0
8295651  0
8295658  0
8295653  0
8295647  0
8295652  0
8295635  0
8295664  0
8205279  20
8205299  20
8205259  20
8205305  20
8205358  20
8205318  20
8205354  20
8205372  20
8205389  20
8205386  20
8205354  20
8205356  20
8205372  20
8205333  20
8205328  20
8205354  20
8205373  20
8205415  20
8205381  20
8205429  20
8205422  20
8205387  20
8205418  20
8205431  20
8205418  20
8205420  20
8205410  20
8205429  20
8205437  20
8205503  20
8205457  20
8205471  20
8205470  20
8205401  20
8205395  20
8205403  20
8205399  20
8205407  20
8205438  20
8205415  20
8205413  20
8205427  20
8205422  20
8205450  20
8205385  20
8205390  20
8205382  20
8205402  20
8205386  20
8205362  20
8205338  20
8205263  20
8205255  20
8205335  20
8205423  20
8205355  20
8205346  20
8205359  20
8205365  20
8205377  20
8205325  20
8205338  20
8205381  20
8205343  20
8205340  20
8205319  20
8205346  20
8205371  20
8205341  20
8205287  20
8205275  20
8205250  20
8205235  20
8205222  20
8205236  20
8205191  20
8205163  20
8205200  20
8205162  20
8205192  20
8205177  20
8205133  20
8205115  20
8205137  20
8205149  20
8205144  20
8205157  20
8205213  20
8205275  20
8205249  20
8205216  20
8205264  20
8205301  20
8205229  20
8205187  20
8205216  20
8205279  20
8205249  20
8205192  20
8205203  20
8205252  20
8205227  20
8205245  20
8205258  20
8205246  20
8205296  20
8205302  20
8205254  20
8205265  20
8205250  20
8205261  20
8205247  20
8205253  20
8205250  20
8205232  20
8205277  20
8205282  20
8205253  20
8205252  20
8205275  20
8205282  20
8205279  20
8205290  20
8205291  20
8205292  20
8205333  20
8205312  20
8205301  20
8205286  20
8205278  20
8205241  20
8205255  20
8205273  20
8205312  20
8205283  20
8205297  20
8205341  20
8205340  20
8205295  20
8205342  20
8205332  20
8205340  20
8205344  20
8205309  20
8205318  20
8205342  20
8205325  20
8205296  20
8205350  20
8205338  20
8205378  20
8205355  20
8205325  20
8205364  20
8205347  20
8115530  40
8115572  40
8115553  40
8115533  40
8115597  40
8115624  40
8115595  40
8115601  40
8115579  40
8115602  40
8115626  40
8115624  40
8115584  40
8115589  40
8115573  40
8115606  40
8115635  40
8115640  40
8115605  40
8115639  40
8115736  40
8115734  40
8115727  40
8115706  40
8115710  40
8115721  40
8115732  40
8115745  40
8115758  40
8115755  40
8115720  40
8115762  40
8115804  40
8115781  40
8115831  40
8115840  40
8115846  40
8115840  40
8115803  40
8115812  40
8115847  40
8115841  40
8115842  40
8115860  40
8115891  40
8115845  40
8115860  40
8115849  40
8115814  40
8115865  40
8115922  40
8115910  40
8115898  40
8115892  40
8115921  40
8115900  40
8115885  40
8115937  40
8115945  40
8115849  40
8115871  40
8115928  40
8115939  40
8115971  40
8115947  40
8115950  40
8115945  40
8115908  40
8115970  40
8115958  40
8115946  40
8116023  40
8116089  40
8116074  40
8116079  40
8116086  40
8116078  40
8116042  40
8116036  40
8116051  40
8116089  40
8116130  40
8116126  40
8116092  40
8116098  40
8116154  40
8116187  40
8116205  40
8116159  40
8116208  40
8116182  40
8116149  40
8116148  40
8116135  40
8116139  40
8116203  40
8116225  40
8116243  40
8116206  40
8116225  40
8116220  40
8116189  40
8116258  40
8116276  40
8116260  40
8116216  40
8116218  40
8116258  40
8116240  40
8116262  40
8116281  40
8116251  40
8116246  40
8116285  40
8116318  40
8116325  40
8116320  40
8116295  40
8116284  40
8116279  40
8116310  40
8116312  40
8116339  40
8116315  40
8116346  40
8116365  40
8116445  40
8116378  40
8116252  40
8116264  40
8116337  40
8116323  40
8116354  40
8116359  40
8116399  40
8116405  40
8116383  40
8116408  40
8116401  40
8116386  40
8116407  40
8116365  40
8116369  40
8116394  40
8116413  40
8116392  40
8028573  60
8028662  60
8028681  60
8028644  60
8028679  60
8028715  60
8028745  60
8028788  60
8028780  60
8028800  60
8028829  60
8028830  60
8028813  60
8028932  60
8028948  60
8028901  60
8028883  60
8028929  60
8028990  60
8028957  60
8029016  60
8029039  60
8029022  60
8029028  60
8029006  60
8029042  60
8029046  60
8029049  60
8029077  60
8029096  60
8029143  60
8029149  60
8029091  60
8029141  60
8029171  60
8029170  60
8029214  60
8029220  60
8029233  60
8029232  60
8029299  60
8029354  60
8029285  60
8029267  60
8029303  60
8029334  60
8029316  60
8029333  60
8029317  60
8029419  60
8029475  60
8029454  60
8029472  60
8029457  60
8029484  60
8029462  60
8029503  60
8029552  60
8029590  60
8029573  60
8029585  60
8029613  60
8029636  60
8029614  60
8029648  60
8029630  60
8029622  60
8029642  60
8029671  60
8029706  60
8029689  60
8029674  60
8029671  60
8029704  60
8029737  60
8029734  60
8029757  60
8029766  60
8029795  60
8029791  60
8029776  60
8029794  60
8029831  60
8029829  60
8029800  60
8029875  60
8029918  60
8029934  60
8029986  60
8029944  60
8029959  60
8029985  60
8029992  60
8029961  60
8029941  60
8029972  60
8030023  60
8030012  60
8029980  60
8029989  60
8030027  60
8030046  60
8029998  60
8030000  60
8030075  60
8030096  60
8029996  60
8029929  60
8029952  60
8029913  60
8029890  60
8029841  60
8029810  60
8029743  60
8029600  60
8029456  60
8029423  60
8029361  60
8029283  60
8029178  60
8029130  60
8029152  60
8029172  60
8029183  60
8029233  60
8029305  60
8029409  60
8029430  60
8029416  60
8029459  60
8029498  60
8029502  60
8029482  60
8029491  60
8029539  60
8029514  60
8029515  60
8029518  60
8029512  60
8029466  60
8029469  60
8029444  60
8029376  60
8029331  60
8029254  60
8029252  60
8029233  60
7943379  80
7943402  80
7943437  80
7943468  80
7943441  80
7943458  80
7943404  80
7943403  80
7943467  80
7943485  80
7943469  80
7943493  80
7943514  80
7943503  80
7943482  80
7943453  80
7943485  80
7943536  80
7943484  80
7943433  80
7943458  80
7943485  80
7943512  80
7943504  80
7943520  80
7943534  80
7943550  80
7943482  80
7943474  80
7943517  80
7943537  80
7943547  80
7943546  80
7943547  80
7943528  80
7943518  80
7943544  80
7943537  80
7943478  80
7943516  80
7943537  80
7943520  80
7943538  80
7943517  80
7943533  80
7943551  80
7943533  80
7943521  80
7943511  80
7943591  80
7943604  80
7943576  80
7943557  80
7943520  80
7943546  80
7943558  80
7943550  80
7943576  80
7943620  80
7943590  80
7943577  80
7943566  80
7943560  80
7943570  80
7943581  80
7943612  80
7943546  80
7943586  80
7943596  80
7943588  80
7943630  80
7943614  80
7943582  80
7943601  80
7943621  80
7943620  80
7943603  80
7943587  80
7943621  80
7943634  80
7943600  80
7943602  80
7943576  80
7943558  80
7943552  80
7943591  80
7943602  80
7943563  80
7943595  80
7943576  80
7943612  80
7943573  80
7943576  80
7943585  80
7943549  80
7943599  80
7943594  80
7943598  80
7943616  80
7943561  80
7943597  80
7943605  80
7943635  80
7943598  80
7943562  80
7943601  80
7943609  80
7943587  80
7943589  80
7943590  80
7943606  80
7943648  80
7943670  80
7943680  80
7943676  80
7943638  80
7943606  80
7943610  80
7943603  80
7943557  80
7943592  80
7943587  80
7943618  80
7943641  80
7943635  80
7943659  80
7943631  80
7943602  80
7943592  80
7943602  80
7943617  80
7943615  80
7943602  80
7943651  80
7943628  80
7943655  80
7943669  80
7943601  80
7943573  80
7943563  80
7943617  80
7943591  80
7943630  80
7943667  80
7943668  80
7943677  80
7943700  80
7943701  80
7943626  80
7847933  100
7847944  100
7847924  100
7847920  100
7847992  100
7848030  100
7848029  100
7848041  100
7848036  100
7847995  100
7848015  100
7848073  100
7848124  100
7848123  100
7848091  100
7848104  100
7848132  100
7848113  100
7848106  100
7848122  100
7848151  100
7848233  100
7848219  100
7848190  100
7848164  100
7848221  100
7848298  100
7848262  100
7848270  100
7848264  100
7848244  100
7848280  100
7848250  100
7848303  100
7848306  100
7848330  100
7848384  100
7848358  100
7848365  100
7848391  100
7848403  100
7848451  100
7848484  100
7848466  100
7848436  100
7848461  100
7848477  100
7848517  100
7848481  100
7848485  100
7848481  100
7848503  100
7848540  100
7848506  100
7848477  100
7848542  100
7848517  100
7848499  100
7848551  100
7848612  100
7848584  100
7848561  100
7848555  100
7848561  100
7848577  100
7848632  100
7848674  100
7848658  100
7848680  100
7848667  100
7848624  100
7848668  100
7848716  100
7848747  100
7848759  100
7848741  100
7848736  100
7848739  100
7848756  100
7848807  100
7848815  100
7848806  100
7848785  100
7848776  100
7848828  100
7848825  100
7848829  100
7848820  100
7848831  100
7848870  100
7848867  100
7848885  100
7848851  100
7848892  100
7848928  100
7848906  100
7848910  100
7848920  100
7848922  100
7848971  100
7848935  100
7848945  100
7848943  100
7848947  100
7848926  100
7848943  100
7848929  100
7848946  100
7848934  100
7848936  100
7848935  100
7848967  100
7848976  100
7848971  100
7848969  100
7848949  100
7848964  100
7848972  100
7849004  100
7849027  100
7849020  100
7848991  100
7849020  100
7849052  100
7849046  100
7849079  100
7849107  100
7849106  100
7849107  100
7849077  100
7849077  100
7849066  100
7849055  100
7849124  100
7849139  100
7849134  100
7849161  100
7849129  100
7849152  100
7849170  100
7849202  100
7849201  100
7849168  100
7849184  100
7849176  100
7849182  100
7849246  100
7849283  100
7849287  100
7849282  100
7849204  100
7849211  100
7849223  100
7849243  100
7849273  100
7849315  100
7849323  100
7849231  100
7849224  100
7849337  100
7849336  100
7849331  100
7849317  100
7849341  100
7849372  100
7849402  100
7849378  100
7849315  100
7849366  100
7849410  100
7849406  100
7849376  100
7849383  100
7849383  100
7849428  100
7849399  100
7849409  100
7849430  100
7849467  100
7849490  100
7849480  100
7849439  100
7849465  100
7849460  100
7849496  100
7849460  100
7849476  100
7849475  100
7849532  100
7849538  100
7849518  100
7849501  100
7849512  100
7763377  120
7763366  120
7763376  120
7763389  120
7763379  120
7763399  120
7763441  120
7763475  120
7763508  120
7763496  120
7763429  120
7763395  120
7763472  120
7763375  120
7763365  120
7763446  120
7763474  120
7763476  120
7763496  120
7763474  120
7763431  120
7763483  120
7763483  120
7763503  120
7763487  120
7763474  120
7763478  120
7763466  120
7763476  120
7763428  120
7763420  120
7763408  120
7763466  120
7763439  120
7763387  120
7763398  120
7763424  120
7763521  120
7763534  120
7763448  120
7763441  120
7763430  120
7763477  120
7763504  120
7763468  120
7763472  120
7763506  120
7763482  120
7763463  120
7763512  120
7763526  120
7763438  120
7763456  120
7763533  120
7763534  120
7763553  120
7763575  120
7763555  120
7763554  120
7763542  120
7763590  120
7763532  120
7763499  120
7763562  120
7763542  120
7763551  120
7763562  120
7763549  120
7763564  120
7763596  120
7763596  120
7763598  120
7763597  120
7763640  120
7763608  120
7763610  120
7763608  120
7763599  120
7763624  120
7763602  120
7763617  120
7763640  120
7763643  120
7763590  120
7763558  120
7763568  120
7763621  120
7763609  120
7763566  120
7763638  120
7763664  120
7763677  120
7763706  120
7763736  120
7763666  120
7763690  120
7763666  120
7763662  120
7763720  120
7763737  120
7763732  120
7763727  120
7763719  120
7763681  120
7763697  120
7763713  120
7763727  120
7763750  120
7763756  120
7763752  120
7763810  120
7763827  120
7763812  120
7763811  120
7763824  120
7763860  120
7763881  120
7763831  120
7763814  120
7763813  120
7763806  120
7763853  120
7763911  120
7763932  120
7763886  120
7763883  120
7763847  120
7763819  120
7763828  120
7763842  120
7763847  120
7763846  120
7763847  120
7763916  120
7763875  120
7763831  120
7763888  120
7763891  120
7763862  120
7763845  120
7763613  120
7763180  120
7763019  120
7672553  140
7672585  140
7672599  140
7672568  140
7672607  140
7672628  140
7672636  140
7672638  140
7672650  140
7672615  140
7672649  140
7672705  140
7672729  140
7672753  140
7672813  140
7672841  140
7672824  140
7672897  140
7672884  140
7672850  140
7672903  140
7672978  140
7672999  140
7673023  140
7673034  140
7673032  140
7673022  140
7673062  140
7673082  140
7673102  140
7673151  140
7673107  140
7673107  140
7673170  140
7673191  140
7673139  140
7673111  140
7673145  140
7673203  140
7673243  140
7673256  140
7673260  140
7673256  140
7673293  140
7673342  140
7673319  140
7673324  140
7673313  140
7673277  140
7673273  140
7673352  140
7673369  140
7673341  140
7673342  140
7673360  140
7673379  140
7673387  140
7673435  140
7673404  140
7673409  140
7673405  140
7673439  140
7673403  140
7673413  140
7673442  140
7673476  140
7673495  140
7673504  140
7673528  140
7673490  140
7673516  140
7673528  140
7673551  140
7673543  140
7673517  140
7673539  140
7673505  140
7673537  140
7673553  140
7673557  140
7673527  140
7673544  140
7673582  140
7673657  140
7673661  140
7673650  140
7673669  140
7673685  140
7673673  140
7673671  140
7673672  140
7673692  140
7673715  140
7673736  140
7673728  140
7673746  140
7673787  140
7673820  140
7673799  140
7673829  140
7673856  140
7673789  140
7673827  140
7673849  140
7673837  140
7673799  140
7673810  140
7673844  140
7673818  140
7673823  140
7673791  140
7673765  140
7584615  160
7584646  160
7584585  160
7584648  160
7584717  160
7584714  160
7584679  160
7584693  160
7584721  160
7584734  160
7584728  160
7584717  160
7584720  160
7584743  160
7584740  160
7584750  160
7584737  160
7584747  160
7584780  160
7584756  160
7584741  160
7584794  160
7584775  160
7584763  160
7584809  160
7584818  160
7584742  160
7584753  160
7584749  160
7584754  160
7584773  160
7584780  160
7584797  160
7584805  160
7584816  160
7584802  160
7584774  160
7584806  160
7584781  160
7584797  160
7584775  160
7584806  160
7584844  160
7584772  160
7584773  160
7584795  160
7584802  160
7584830  160
7584830  160
7584846  160
7584841  160
7584827  160
7584857  160
7584837  160
7584852  160
7584850  160
7584856  160
7584887  160
7584861  160
7584889  160
7584909  160
7584933  160
7584925  160
7584875  160
7584850  160
7584875  160
7584865  160
7584848  160
7584880  160
7584920  160
7584955  160
7584894  160
7584848  160
7584862  160
7584939  160
7584933  160
7584904  160
7584903  160
7584881  160
7584891  160
7584870  160
7584919  160
7584965  160
7584928  160
7584948  160
7584932  160
7584958  160
7584971  160
7584941  160
7584982  160
7584965  160
7584944  160
7585011  160
7584994  160
7584971  160
7585028  160
7585038  160
7585065  160
7585053  160
7585019  160
7585015  160
7584979  160
7584969  160
7584998  160
7584994  160
7585008  160
7585011  160
7585005  160
7584980  160
7585002  160
7585032  160
7585024  160
7585031  160
7585054  160
7585125  160
7585090  160
7585012  160
7585026  160
7496050  180
7496029  180
7496085  180
7496102  180
7496077  180
7496068  180
7496127  180
7496114  180
7496065  180
7496069  180
7496109  180
7496137  180
7496167  180
7496166  180
7496128  180
7496101  180
7496149  180
7496184  180
7496203  180
7496242  180
7496275  180
7496279  180
7496216  180
7496196  180
7496273  180
7496304  180
7496325  180
7496301  180
7496303  180
7496316  180
7496421  180
7496423  180
7496479  180
7496505  180
7496498  180
7496487  180
7496416  180
7496415  180
7496475  180
7496538  180
7496547  180
7496531  180
7496550  180
7496587  180
7496564  180
7496558  180
7496544  180
7496523  180
7496564  180
7496602  180
7496632  180
7496612  180
7496611  180
7496685  180
7496730  180
7496708  180
7496682  180
7496705  180
7496720  180
7496722  180
7496724  180
7496758  180
7496820  180
7496805  180
7496750  180
7496824  180
7496909  180
7496876  180
7496842  180
7496791  180
7496793  180
7496862  180
7496925  180
7496941  180
7496930  180
7496887  180
7496876  180
7496883  180
7496928  180
7496994  180
7496948  180
7496976  180
7497014  180
7497045  180
7497070  180
7497065  180
7497007  180
7496970  180
7497006  180
7497048  180
7497083  180
7497107  180
7497123  180
7497149  180
7497104  180
7497137  180
7497159  180
7497142  180
7497131  180
7497176  180
7497206  180
7497191  180
7497135  180
7497133  180
7497154  180
7497183  180
7497215  180
7497215  180
7497191  180
7497186  180
7497199  180
7497210  180
7497228  180
7497225  180
7497246  180
7497260  180
7497282  180
7497272  180
7497250  180
7497277  180
7497361  180
7497329  180
7497331  180
7497328  180
7497309  180
7497285  180
7497278  180
7497317  180
7497329  180
7497343  180
7497391  180
7497379  180
7497373  180
7497370  180
7497339  180
7497368  180
7497364  180
7405366  200
7405391  200
7405438  200
7405429  200
7405444  200
7405498  200
7405501  200
7405592  200
7405610  200
7405578  200
7405645  200
7405639  200
7405667  200
7405677  200
7405713  200
7405759  200
7405749  200
7405759  200
7405772  200
7405780  200
7405792  200
7405838  200
7405892  200
7405907  200
7405890  200
7405900  200
7405971  200
7406034  200
7406086  200
7406000  200
7406008  200
7406052  200
7406097  200
7406128  200
7406091  200
7406121  200
7406164  200
7406148  200
7406167  200
7406217  200
7406229  200
7406207  200
7406216  200
7406232  200
7406242  200
7406265  200
7406325  200
7406339  200
7406335  200
7406366  200
7406367  200
7406383  200
7406347  200
7406360  200
7406467  200
7406488  200
7406454  200
7406446  200
7406483  200
7406509  200
7406540  200
7406510  200
7406517  200
7406513  200
7406563  200
7406636  200
7406693  200
7406712  200
7406723  200
7406710  200
7406722  200
7406740  200
7406760  200
7406755  200
7406748  200
7406781  200
7406799  200
7406804  200
7406805  200
7406885  200
7406939  200
7406896  200
7406871  200
7406891  200
7406944  200
7406945  200
7406927  200
7406965  200
7406992  200
7407049  200
7407124  200
7407082  200
7407088  200
7407104  200
7407110  200
7407184  200
7407135  200
7407107  200
7407133  200
7407163  200
7407125  200
7407178  200
7407210  200
7407229  200
7407246  200
7407229  200
7407224  200
7407207  200
7407189  200
7407264  200
7407318  200
7407301  200
7407322  200
7407358  200
7407394  200
7407434  200
7407439  200
7407442  200
7407443  200
7407504  200
7407520  200
7407517  200
7407575  200
7407543  200
7407518  200
7407593  200
7407598  200
7407630  200
7407636  200
7407668  200
7407675  200
7407691  200
7407703  200
7407678  200



