
8294164  0
8294131  0
8294099  0
8294117  0
8294136  0
8294132  0
8294120  0
8294138  0
8294104  0
8294084  0
8294100  0
8294160  0
8294135  0
8294121  0
8294140  0
8294146  0
8294118  0
8294071  0
8294102  0
8294084  0
8294099  0
8294110  0
8294096  0
8294137  0
8294106  0
8294128  0
8294078  0
8294040  0
8294033  0
8293993  0
8294019  0
8294039  0
8294109  0
8294053  0
8294030  0
8294049  0
8294013  0
8294021  0
8293996  0
8293935  0
8294009  0
8294066  0
8294061  0
8294023  0
8294015  0
8293958  0
8293914  0
8293945  0
8293952  0
8293919  0
8293938  0
8293899  0
8293866  0
8293870  0
8293895  0
8293915  0
8293922  0
8293916  0
8293904  0
8293907  0
8293948  0
8293961  0
8293927  0
8293918  0
8293912  0
8293936  0
8293943  0
8293940  0
8293878  0
8293875  0
8293886  0
8293832  0
8293890  0
8293899  0
8293919  0
8293926  0
8293883  0
8293962  0
8293997  0
8293957  0
8293920  0
8293947  0
8293952  0
8293979  0
8293964  0
8293953  0
8293942  0
8293975  0
8294007  0
8294000  0
8293987  0
8293968  0
8293944  0
8293963  0
8293996  0
8294012  0
8293994  0
8293926  0
8293932  0
8293958  0
8293943  0
8293971  0
8294059  0
8294100  0
8294038  0
8293967  0
8293975  0
8293934  0
8293878  0
8293933  0
8293944  0
8293956  0
8293964  0
8293957  0
8293976  0
8293945  0
8293942  0
8293986  0
8293985  0
8294003  0
8293987  0
8206486  20
8206517  20
8206514  20
8206512  20
8206533  20
8206537  20
8206544  20
8206566  20
8206544  20
8206535  20
8206639  20
8206683  20
8206713  20
8206694  20
8206682  20
8206691  20
8206722  20
8206741  20
8206754  20
8206760  20
8206762  20
8206748  20
8206767  20
8206778  20
8206769  20
8206774  20
8206819  20
8206830  20
8206842  20
8206936  20
8206913  20
8206885  20
8206922  20
8206916  20
8206958  20
8206970  20
8206970  20
8206984  20
8206967  20
8206997  20
8206994  20
8206968  20
8206991  20
8207062  20
8207049  20
8207064  20
8207061  20
8207095  20
8207100  20
8207090  20
8207076  20
8206946  20
8206723  20
8206630  20
8206668  20
8206658  20
8206608  20
8206650  20
8206709  20
8206726  20
8206718  20
8206678  20
8206706  20
8206726  20
8206678  20
8206641  20
8206601  20
8206600  20
8206617  20
8206613  20
8206639  20
8206557  20
8206478  20
8206455  20
8206508  20
8206492  20
8206476  20
8206564  20
8206556  20
8206523  20
8206529  20
8206493  20
8206509  20
8206524  20
8206516  20
8206566  20
8206577  20
8206542  20
8206523  20
8206640  20
8206670  20
8206637  20
8206670  20
8206750  20
8206709  20
8206666  20
8206691  20
8206663  20
8206706  20
8115333  40
8115384  40
8115405  40
8115336  40
8115276  40
8115235  40
8115238  40
8115255  40
8115258  40
8115227  40
8115187  40
8115157  40
8115192  40
8115204  40
8115207  40
8115217  40
8115210  40
8115202  40
8115211  40
8115232  40
8115206  40
8115233  40
8115195  40
8115116  40
8115177  40
8115253  40
8115227  40
8115269  40
8115290  40
8115391  40
8115461  40
8115477  40
8115527  40
8115516  40
8115536  40
8115614  40
8115657  40
8115672  40
8115722  40
8115740  40
8115707  40
8115696  40
8115721  40
8115740  40
8115769  40
8115773  40
8115811  40
8115851  40
8115823  40
8115849  40
8115915  40
8115946  40
8115979  40
8115959  40
8115926  40
8115947  40
8115999  40
8116011  40
8115979  40
8116007  40
8116042  40
8116043  40
8116025  40
8116071  40
8116091  40
8116125  40
8116115  40
8116111  40
8116105  40
8116090  40
8116182  40
8116192  40
8116121  40
8116127  40
8116113  40
8116196  40
8116204  40
8116225  40
8116237  40
8116240  40
8116248  40
8116332  40
8116333  40
8116250  40
8116274  40
8116286  40
8116261  40
8116306  40
8116282  40
8116250  40
8116317  40
8116326  40
8116353  40
8116358  40
8116354  40
8116355  40
8116354  40
8116322  40
8116355  40
8116403  40
8116465  40
8116443  40
8116498  40
8116505  40
8116512  40
8031979  60
8032118  60
8032161  60
8032145  60
8032159  60
8032245  60
8032287  60
8032348  60
8032364  60
8032428  60
8032477  60
8032522  60
8032590  60
8032632  60
8032655  60
8032683  60
8032712  60
8032753  60
8032771  60
8032801  60
8032851  60
8032888  60
8032954  60
8032932  60
8032965  60
8032983  60
8033079  60
8033141  60
8033156  60
8033214  60
8033243  60
8033321  60
8033339  60
8033321  60
8033361  60
8033413  60
8033455  60
8033408  60
8033254  60
8032607  60
8031674  60
8031285  60
8031252  60
8031333  60
8031306  60
8031336  60
8031364  60
8031236  60
8031003  60
8030841  60
8030702  60
8030542  60
8030370  60
8030162  60
8030025  60
8029838  60
8029717  60
8029628  60
8029580  60
8029553  60
8029436  60
8029357  60
8029326  60
8029301  60
8029367  60
8029478  60
8029489  60
8029476  60
8029565  60
8029565  60
8029338  60
8029052  60
8028889  60
8028837  60
8028845  60
8028796  60
8028826  60
8028804  60
8028736  60
8028778  60
8028840  60
8028892  60
8028893  60
8028944  60
8028985  60
8029032  60
8029081  60
8029091  60
8029149  60
8029214  60
8029191  60
8029237  60
8029273  60
8029349  60
8029386  60
8029442  60
8029458  60
8029455  60
8029474  60
8029565  60
8029568  60
8029582  60
8029640  60
8029730  60
8029734  60
8029741  60
8029765  60
7941864  80
7941883  80
7941900  80
7941989  80
7942046  80
7942005  80
7942035  80
7942071  80
7942065  80
7942013  80
7942083  80
7942131  80
7942089  80
7942081  80
7942123  80
7942157  80
7942175  80
7942165  80
7942257  80
7942299  80
7942318  80
7942357  80
7942369  80
7942402  80
7942372  80
7942419  80
7942479  80
7942514  80
7942512  80
7942529  80
7942547  80
7942541  80
7942535  80
7942575  80
7942617  80
7942650  80
7942629  80
7942642  80
7942629  80
7942674  80
7942682  80
7942733  80
7942800  80
7942842  80
7942873  80
7942876  80
7942869  80
7942856  80
7942910  80
7942897  80
7942963  80
7942997  80
7942994  80
7943013  80
7942991  80
7942978  80
7942988  80
7943045  80
7943105  80
7943157  80
7943205  80
7943189  80
7943158  80
7943259  80
7943238  80
7943275  80
7943371  80
7943373  80
7943396  80
7943463  80
7943481  80
7943492  80
7943512  80
7943588  80
7943536  80
7943548  80
7943585  80
7943608  80
7943650  80
7943671  80
7943673  80
7943670  80
7943680  80
7943731  80
7943710  80
7943729  80
7943771  80
7943750  80
7943737  80
7943732  80
7943791  80
7943831  80
7943873  80
7943855  80
7943845  80
7943852  80
7943843  80
7943872  80
7943841  80
7943735  80
7943685  80
7852530  100
7852580  100
7852667  100
7852695  100
7852680  100
7852734  100
7852827  100
7852914  100
7852947  100
7852944  100
7852952  100
7853007  100
7853042  100
7853070  100
7853155  100
7853229  100
7853236  100
7853230  100
7853296  100
7853333  100
7853288  100
7853306  100
7853366  100
7853423  100
7853420  100
7853415  100
7853466  100
7853497  100
7853538  100
7853613  100
7853709  100
7853687  100
7853683  100
7853732  100
7853826  100
7853830  100
7853865  100
7853813  100
7853855  100
7853879  100
7853880  100
7853894  100
7853958  100
7853993  100
7854006  100
7854052  100
7854039  100
7854102  100
7854232  100
7854207  100
7854232  100
7854330  100
7854323  100
7854324  100
7854347  100
7854423  100
7854429  100
7854445  100
7854496  100
7854519  100
7854579  100
7854607  100
7854671  100
7854698  100
7854663  100
7854748  100
7854799  100
7854799  100
7854849  100
7854847  100
7854881  100
7854921  100
7854922  100
7854903  100
7854938  100
7855022  100
7855064  100
7855096  100
7855058  100
7855053  100
7855053  100
7854963  100
7854926  100
7854877  100
7854941  100
7855001  100
7854966  100
7854921  100
7854918  100
7854881  100
7854913  100
7854895  100
7854762  100
7854671  100
7854657  100
7854652  100
7854618  100
7854544  100
7854546  100
7854570  100
7854470  100
7854405  100
7854332  100
7854359  100
7854332  100
7763865  120
7763938  120
7763991  120
7763992  120
7764010  120
7764017  120
7764062  120
7764145  120
7764153  120
7764233  120
7764322  120
7764293  120
7764303  120
7764397  120
7764478  120
7764527  120
7764552  120
7764541  120
7764527  120
7764658  120
7764740  120
7764746  120
7764804  120
7764866  120
7764890  120
7764930  120
7764948  120
7764957  120
7764943  120
7765020  120
7765073  120
7765090  120
7765092  120
7765166  120
7765262  120
7765324  120
7765333  120
7765299  120
7765310  120
7765336  120
7765369  120
7765408  120
7765416  120
7765446  120
7765499  120
7765512  120
7765529  120
7765548  120
7765631  120
7765642  120
7765671  120
7765754  120
7765725  120
7765756  120
7765872  120
7765873  120
7765844  120
7765840  120
7765827  120
7765908  120
7765975  120
7766023  120
7766019  120
7766049  120
7766109  120
7766153  120
7766154  120
7766103  120
7766156  120
7766228  120
7766249  120
7766219  120
7766240  120
7766273  120
7766295  120
7766334  120
7766335  120
7766342  120
7766408  120
7766417  120
7766449  120
7766531  120
7766565  120
7766516  120
7766508  120
7766583  120
7766612  120
7766584  120
7766591  120
7766624  120
7766613  120
7766603  120
7766685  120
7766753  120
7766693  120
7766685  120
7766677  120
7766682  120
7766690  120
7766532  120
7766144  120
7765732  120
7765281  120
7764866  120
7764661  120
7764632  120
7764572  120
7764506  120
7764379  120
7764157  120
7764117  120
7764115  120
7764064  120
7764059  120
7674228  140
7674262  140
7674373  140
7674386  140
7674411  140
7674396  140
7674421  140
7674410  140
7674482  140
7674500  140
7674439  140
7674474  140
7674484  140
7674458  140
7674495  140
7674521  140
7674586  140
7674601  140
7674615  140
7674595  140
7674593  140
7674670  140
7674710  140
7674690  140
7674728  140
7674752  140
7674787  140
7674794  140
7674826  140
7674894  140
7674922  140
7674911  140
7674957  140
7675017  140
7674966  140
7674943  140
7674963  140
7675006  140
7675026  140
7675058  140
7675090  140
7675092  140
7675076  140
7675107  140
7675111  140
7675135  140
7675166  140
7675178  140
7675102  140
7675161  140
7675198  140
7675170  140
7675210  140
7675258  140
7675236  140
7675303  140
7675335  140
7675398  140
7675366  140
7675396  140
7675430  140
7675476  140
7675513  140
7675513  140
7675573  140
7675601  140
7675552  140
7675628  140
7675717  140
7675700  140
7675740  140
7675779  140
7675756  140
7675773  140
7675798  140
7675862  140
7675855  140
7675805  140
7675831  140
7675866  140
7675898  140
7675899  140
7675943  140
7675996  140
7675974  140
7676007  140
7676022  140
7675980  140
7676010  140
7676053  140
7676051  140
7676048  140
7676024  140
7676058  140
7676069  140
7676020  140
7676054  140
7676135  140
7676179  140
7676219  140
7676232  140
7676212  140
7676233  140
7676255  140
7676316  140
7676275  140
7676239  140
7676277  140
7676278  140
7676254  140
7676281  140
7676299  140
7676353  140
7676303  140
7676310  140
7676307  140
7676258  140
7587292  160
7587242  160
7587274  160
7587284  160
7587271  160
7587357  160
7587364  160
7587356  160
7587416  160
7587450  160
7587474  160
7587489  160
7587484  160
7587508  160
7587538  160
7587591  160
7587596  160
7587596  160
7587582  160
7587595  160
7587678  160
7587658  160
7587644  160
7587683  160
7587712  160
7587716  160
7587728  160
7587773  160
7587814  160
7587823  160
7587817  160
7587843  160
7587937  160
7587912  160
7587861  160
7587834  160
7587848  160
7587895  160
7587870  160
7587917  160
7587898  160
7587926  160
7587982  160
7587987  160
7588012  160
7587995  160
7587931  160
7587946  160
7587974  160
7587987  160
7588025  160
7588038  160
7588026  160
7588010  160
7588035  160
7588070  160
7588118  160
7588099  160
7588067  160
7588038  160
7588059  160
7588056  160
7588055  160
7588041  160
7588094  160
7588143  160
7588158  160
7588186  160
7588168  160
7588192  160
7588222  160
7588176  160
7588227  160
7588279  160
7588296  160
7588195  160
7588162  160
7588208  160
7588211  160
7588232  160
7588241  160
7588238  160
7588236  160
7588267  160
7588312  160
7588310  160
7588292  160
7588261  160
7588222  160
7588296  160
7588352  160
7588378  160
7588345  160
7588347  160
7588449  160
7588431  160
7588414  160
7588406  160
7588388  160
7588405  160
7588375  160
7588383  160
7588380  160
7588343  160
7588397  160
7588376  160
7588352  160
7588347  160
7588378  160
7588395  160
7588382  160
7588391  160
7588280  160
7588242  160
7588160  160
7588027  160
7587973  160
7587966  160
7587787  160
7587707  160
7587676  160
7587684  160
7587660  160
7587687  160
7587690  160
7496809  180
7496854  180
7496916  180
7496909  180
7496874  180
7496949  180
7496948  180
7496906  180
7496929  180
7496986  180
7496959  180
7496974  180
7497018  180
7497071  180
7497016  180
7497058  180
7497100  180
7497075  180
7497075  180
7497117  180
7497116  180
7497094  180
7497172  180
7497196  180
7497206  180
7497160  180
7497106  180
7497071  180
7497098  180
7497061  180
7497090  180
7497137  180
7497124  180
7497185  180
7497172  180
7497115  180
7497107  180
7497065  180
7497092  180
7497133  180
7497130  180
7497151  180
7497204  180
7497226  180
7497219  180
7497263  180
7497344  180
7497391  180
7497327  180
7497309  180
7497327  180
7497354  180
7497344  180
7497403  180
7497438  180
7497432  180
7497477  180
7497503  180
7497522  180
7497583  180
7497548  180
7497554  180
7497589  180
7497564  180
7497454  180
7497272  180
7497138  180
7497006  180
7496863  180
7496818  180
7496795  180
7496816  180
7496810  180
7496834  180
7496842  180
7496874  180
7496856  180
7496879  180
7496975  180
7497063  180
7497020  180
7497010  180
7497060  180
7497062  180
7497058  180
7497102  180
7497124  180
7497176  180
7497224  180
7497257  180
7497252  180
7497271  180
7497246  180
7497291  180
7497322  180
7497302  180
7497306  180
7497349  180
7497351  180
7497379  180
7497410  180
7497360  180
7497311  180
7497323  180
7497365  180
7497375  180
7497354  180
7497305  180
7497302  180
7497313  180
7497312  180
7409693  200
7409778  200
7409839  200
7409932  200
7409995  200
7410035  200
7410124  200
7410188  200
7410222  200
7410289  200
7410390  200
7410427  200
7410482  200
7410528  200
7410618  200
7410659  200
7410702  200
7410776  200
7410853  200
7410875  200
7410946  200
7410992  200
7411060  200
7411123  200
7411163  200
7411233  200
7411314  200
7411335  200
7411319  200
7411401  200
7411435  200
7411503  200
7411594  200
7411661  200
7411650  200
7411726  200
7411759  200
7411799  200
7411871  200
7411880  200
7411977  200
7411985  200
7411999  200
7412027  200
7412116  200
7412156  200
7412162  200
7412182  200
7412228  200
7412289  200
7412355  200
7412324  200
7412310  200
7412378  200
7412465  200
7412497  200
7412549  200
7412684  200
7412698  200
7412653  200
7412716  200
7412744  200
7412747  200
7412797  200
7412830  200
7412822  200
7412897  200
7412909  200
7412947  200
7413006  200
7413119  200
7413117  200
7413116  200
7413128  200
7413150  200
7413239  200
7413313  200
7413316  200
7413414  200
7413373  200
7413378  200
7413422  200
7413447  200
7413488  200
7413488  200
7413544  200
7413552  200
7413590  200
7413614  200
7413649  200
7413670  200
7413719  200
7413780  200
7413775  200
7413801  200
7413826  200
7413886  200
7413906  200
7413916  200
7413954  200
7413930  200
7413935  200
7414035  200
7414073  200
7414121  200
7414178  200
7414179  200
7414218  200
7414275  200
7414284  200
7414253  200




